1
#NodeInfo:
1	0.000000e+00
2	0.000000e+00
v1:3	0.000000e+00
#PinInfo:
c1:1	0.000000e+00
c1:2	-0.000000e+00
r1:1	0.000000e+00
r1:2	-0.000000e+00
r1:3	0.000000e+00
v1:1	0.000000e+00
v1:2	-0.000000e+00
